0 0
1 -0.0175552
2 -0.0508471
3 -0.0193196
4 0.0486874
5 -0.00726905
6 -0.0941429
7 0.22238
8 1.07708
9 1.88781
10 1.94377
11 1.1519
12 -0.0508471
13 -1.18878
14 -1.89508
15 -1.89508
16 -1.17122
17 -1.28508e-14
18 1.17122
19 1.89508
20 1.89508
21 1.17122
22 1.8513e-14
23 -1.17122
24 -1.89508
25 -1.89508
26 -1.17122
27 -1.86795e-14
28 1.17122
29 1.89508
30 1.89508
31 1.17122
32 1.9703e-14
33 -1.17122
34 -1.89508
35 -1.89508
36 -1.17122
37 -2.28047e-14
38 1.17122
39 1.89508
40 1.89508
41 1.17122
42 2.29469e-14
43 -1.17122
44 -1.89508
45 -1.89508
46 -1.17122
47 -2.31794e-14
48 1.17122
49 1.89508
50 1.89508
51 1.17122
52 2.34708e-14
53 -1.17122
54 -1.89508
55 -1.89508
56 -1.17122
57 -2.32384e-14
58 1.17122
59 1.89508
60 1.89508
61 1.17122
62 5.22637e-14
63 -1.17122
64 -1.89508
65 -1.89508
66 -1.17122
67 -8.78048e-14
68 1.17122
69 1.89508
70 1.89508
71 1.17122
72 1.2354e-13
73 -1.17122
74 -1.89508
75 -1.89508
76 -1.17122
77 -1.59157e-13
78 1.17122
79 1.89508

0 0
1 0
2 -0.0175552
3 -0.0224421
4 0.0169925
5 -0.00721206
6 -0.0603168
7 -0.0229212
8 0.25285
9 0.593243
10 0.836875
11 0.949115
12 0.995875
13 0.971557
14 0.819882
15 0.600456
16 0.313167
17 2.85189e-15
18 -0.313167
19 -0.600456
20 -0.819882
21 -0.971557
22 -1.01343
23 -0.971557
24 -0.819882
25 -0.600456
26 -0.313167
27 -6.60583e-15
28 0.313167
29 0.600456
30 0.819882
31 0.971557
32 1.01343
33 0.971557
34 0.819882
35 0.600456
36 0.313167
37 9.42996e-15
38 -0.313167
39 -0.600456
40 -0.819882
41 -0.971557
42 -1.01343
43 -0.971557
44 -0.819882
45 -0.600456
46 -0.313167
47 -9.57567e-15
48 0.313167
49 0.600456
50 0.819882
51 0.971557
52 1.01343
53 0.971557
54 0.819882
55 0.600456
56 0.313167
57 9.67282e-15
58 -0.313167
59 -0.600456
60 -0.819882
61 -0.971557
62 -1.01343
63 -0.971557
64 -0.819882
65 -0.600456
66 -0.313167
67 -1.16365e-14
68 0.313167
69 0.600456
70 0.819882
71 0.971557
72 1.01343
73 0.971557
74 0.819882
75 0.600456
76 0.313167
77 1.17614e-14
78 -0.313167
79 -0.600456
80 -0.819882
81 -0.971557
82 -1.01343
83 -0.971557
84 -0.819882
85 -0.600456
86 -0.313167
87 -1.18863e-14
88 0.313167
89 0.600456
90 0.819882
91 0.971557
92 1.01343
93 0.971557
94 0.819882
95 0.600456
96 0.313167
97 1.20112e-14
98 -0.313167
99 -0.600456
100 -0.819882
101 -0.971557
102 -1.01343
103 -0.971557
104 -0.819882
105 -0.600456
106 -0.313167
107 -1.22888e-14
108 0.313167
109 0.600456
110 0.819882
111 0.971557
112 1.01343
113 0.971557
114 0.819882
115 0.600456
116 0.313167
117 2.67703e-14
118 -0.313167
119 -0.600456
120 -0.819882
121 -0.971557
122 -1.01343
123 -0.971557
124 -0.819882
125 -0.600456
126 -0.313167
127 -4.50542e-14
128 0.313167
129 0.600456
130 0.819882
131 0.971557
132 1.01343
133 0.971557
134 0.819882
135 0.600456
136 0.313167
137 6.33243e-14
138 -0.313167
139 -0.600456
140 -0.819882
141 -0.971557
142 -1.01343
143 -0.971557
144 -0.819882
145 -0.600456
146 -0.313167
147 -8.16014e-14
148 0.313167
149 0.600456
150 0.819882
151 0.971557
152 1.01343
153 0.971557
154 0.819882
155 0.600456
156 0.313167
157 9.98784e-14
158 -0.313167
159 -0.600456

0 0
1 0
2 0
3 -0.0175552
4 -0.0224421
5 0.0453975
6 0.000695103
7 -0.141679
8 0.0397608
9 0.386118
10 0.41632
11 0.386374
12 0.590362
13 0.709932
14 0.614506
15 0.614506
16 0.709932
17 0.590362
18 0.40393
19 0.438762
20 0.34072
21 0.0390657
22 2.04003e-15
23 -0.0390657
24 -0.34072
25 -0.438762
26 -0.40393
27 -0.590362
28 -0.709932
29 -0.614506
30 -0.614506
31 -0.709932
32 -0.590362
33 -0.40393
34 -0.438762
35 -0.34072
36 -0.0390657
37 -4.82947e-15
38 0.0390657
39 0.34072
40 0.438762
41 0.40393
42 0.590362
43 0.709932
44 0.614506
45 0.614506
46 0.709932
47 0.590362
48 0.40393
49 0.438762
50 0.34072
51 0.0390657
52 6.89726e-15
53 -0.0390657
54 -0.34072
55 -0.438762
56 -0.40393
57 -0.590362
58 -0.709932
59 -0.614506
60 -0.614506
61 -0.709932
62 -0.590362
63 -0.40393
64 -0.438762
65 -0.34072
66 -0.0390657
67 -6.99441e-15
68 0.0390657
69 0.34072
70 0.438762
71 0.40393
72 0.590362
73 0.709932
74 0.614506
75 0.614506
76 0.709932
77 0.590362
78 0.40393
79 0.438762
80 0.34072
81 0.0390657
82 6.82093e-15
83 -0.0390657
84 -0.34072
85 -0.438762
86 -0.40393
87 -0.590362
88 -0.709932
89 -0.614506
90 -0.614506
91 -0.709932
92 -0.590362
93 -0.40393
94 -0.438762
95 -0.34072
96 -0.0390657
97 -8.49321e-15
98 0.0390657
99 0.34072
100 0.438762
101 0.40393
102 0.590362
103 0.709932
104 0.614506
105 0.614506
106 0.709932
107 0.590362
108 0.40393
109 0.438762
110 0.34072
111 0.0390657
112 8.59035e-15
113 -0.0390657
114 -0.34072
115 -0.438762
116 -0.40393
117 -0.590362
118 -0.709932
119 -0.614506
120 -0.614506
121 -0.709932
122 -0.590362
123 -0.40393
124 -0.438762
125 -0.34072
126 -0.0390657
127 -8.70137e-15
128 0.0390657
129 0.34072
130 0.438762
131 0.40393
132 0.590362
133 0.709932
134 0.614506
135 0.614506
136 0.709932
137 0.590362
138 0.40393
139 0.438762
140 0.34072
141 0.0390657
142 8.77076e-15
143 -0.0390657
144 -0.34072
145 -0.438762
146 -0.40393
147 -0.590362
148 -0.709932
149 -0.614506
150 -0.614506
151 -0.709932
152 -0.590362
153 -0.40393
154 -0.438762
155 -0.34072
156 -0.0390657
157 -8.82627e-15
158 0.0390657
159 0.34072
160 0.438762
161 0.40393
162 0.590362
163 0.709932
164 0.614506
165 0.614506
166 0.709932
167 0.590362
168 0.40393
169 0.438762
170 0.34072
171 0.0390657
172 1.95746e-14
173 -0.0390657
174 -0.34072
175 -0.438762
176 -0.40393
177 -0.590362
178 -0.709932
179 -0.614506
180 -0.614506
181 -0.709932
182 -0.590362
183 -0.40393
184 -0.438762
185 -0.34072
186 -0.0390657
187 -3.29251e-14
188 0.0390657
189 0.34072
190 0.438762
191 0.40393
192 0.590362
193 0.709932
194 0.614506
195 0.614506
196 0.709932
197 0.590362
198 0.40393
199 0.438762
200 0.34072
201 0.0390657
202 4.62547e-14
203 -0.0390657
204 -0.34072
205 -0.438762
206 -0.40393
207 -0.590362
208 -0.709932
209 -0.614506
210 -0.614506
211 -0.709932
212 -0.590362
213 -0.40393
214 -0.438762
215 -0.34072
216 -0.0390657
217 -5.9619e-14
218 0.0390657
219 0.34072
220 0.438762
221 0.40393
222 0.590362
223 0.709932
224 0.614506
225 0.614506
226 0.709932
227 0.590362
228 0.40393
229 0.438762
230 0.34072
231 0.0390657
232 7.29902e-14
233 -0.0390657
234 -0.34072
235 -0.438762
236 -0.40393
237 -0.590362
238 -0.709932
239 -0.614506

0 0
1 0
2 0
3 0
4 -0.0175552
5 -0.0224421
6 0.0453975
7 0.0291001
8 -0.133772
9 -0.0700061
10 0.440892
11 0.670204
12 0.168546
13 -0.124524
14 0.562615
15 1.08441
16 0.451882
17 -0.15392
18 0.451882
19 1.08441
20 0.562615
21 -0.124524
22 0.168546
23 0.670204
24 0.458448
25 -0.0475639
26 -0.179169
27 3.18148e-15
28 0.179169
29 0.0475639
30 -0.458448
31 -0.670204
32 -0.168546
33 0.124524
34 -0.562615
35 -1.08441
36 -0.451882
37 0.15392
38 -0.451882
39 -1.08441
40 -0.562615
41 0.124524
42 -0.168546
43 -0.670204
44 -0.458448
45 0.0475639
46 0.179169
47 -7.36911e-15
48 -0.179169
49 -0.0475639
50 0.458448
51 0.670204
52 0.168546
53 -0.124524
54 0.562615
55 1.08441
56 0.451882
57 -0.15392
58 0.451882
59 1.08441
60 0.562615
61 -0.124524
62 0.168546
63 0.670204
64 0.458448
65 -0.0475639
66 -0.179169
67 1.05471e-14
68 0.179169
69 0.0475639
70 -0.458448
71 -0.670204
72 -0.168546
73 0.124524
74 -0.562615
75 -1.08441
76 -0.451882
77 0.15392
78 -0.451882
79 -1.08441
80 -0.562615
81 0.124524
82 -0.168546
83 -0.670204
84 -0.458448
85 0.0475639
86 0.179169
87 -1.06859e-14
88 -0.179169
89 -0.0475639
90 0.458448
91 0.670204
92 0.168546
93 -0.124524
94 0.562615
95 1.08441
96 0.451882
97 -0.15392
98 0.451882
99 1.08441
100 0.562615
101 -0.124524
102 0.168546
103 0.670204
104 0.458448
105 -0.0475639
106 -0.179169
107 1.08941e-14
108 0.179169
109 0.0475639
110 -0.458448
111 -0.670204
112 -0.168546
113 0.124524
114 -0.562615
115 -1.08441
116 -0.451882
117 0.15392
118 -0.451882
119 -1.08441
120 -0.562615
121 0.124524
122 -0.168546
123 -0.670204
124 -0.458448
125 0.0475639
126 0.179169
127 -1.29896e-14
128 -0.179169
129 -0.0475639
130 0.458448
131 0.670204
132 0.168546
133 -0.124524
134 0.562615
135 1.08441
136 0.451882
137 -0.15392
138 0.451882
139 1.08441
140 0.562615
141 -0.124524
142 0.168546
143 0.670204
144 0.458448
145 -0.0475639
146 -0.179169
147 1.31319e-14
148 0.179169
149 0.0475639
150 -0.458448
151 -0.670204
152 -0.168546
153 0.124524
154 -0.562615
155 -1.08441
156 -0.451882
157 0.15392
158 -0.451882
159 -1.08441
160 -0.562615
161 0.124524
162 -0.168546
163 -0.670204
164 -0.458448
165 0.0475639
166 0.179169
167 -1.32706e-14
168 -0.179169
169 -0.0475639
170 0.458448
171 0.670204
172 0.168546
173 -0.124524
174 0.562615
175 1.08441
176 0.451882
177 -0.15392
178 0.451882
179 1.08441
180 0.562615
181 -0.124524
182 0.168546
183 0.670204
184 0.458448
185 -0.0475639
186 -0.179169
187 1.34094e-14
188 0.179169
189 0.0475639
190 -0.458448
191 -0.670204
192 -0.168546
193 0.124524
194 -0.562615
195 -1.08441
196 -0.451882
197 0.15392
198 -0.451882
199 -1.08441
200 -0.562615
201 0.124524
202 -0.168546
203 -0.670204
204 -0.458448
205 0.0475639
206 0.179169
207 -1.35482e-14
208 -0.179169
209 -0.0475639
210 0.458448
211 0.670204
212 0.168546
213 -0.124524
214 0.562615
215 1.08441
216 0.451882
217 -0.15392
218 0.451882
219 1.08441
220 0.562615
221 -0.124524
222 0.168546
223 0.670204
224 0.458448
225 -0.0475639
226 -0.179169
227 2.98928e-14
228 0.179169
229 0.0475639
230 -0.458448
231 -0.670204
232 -0.168546
233 0.124524
234 -0.562615
235 -1.08441
236 -0.451882
237 0.15392
238 -0.451882
239 -1.08441
240 -0.562615
241 0.124524
242 -0.168546
243 -0.670204
244 -0.458448
245 0.0475639
246 0.179169
247 -5.02827e-14
248 -0.179169
249 -0.0475639
250 0.458448
251 0.670204
252 0.168546
253 -0.124524
254 0.562615
255 1.08441
256 0.451882
257 -0.15392
258 0.451882
259 1.08441
260 0.562615
261 -0.124524
262 0.168546
263 0.670204
264 0.458448
265 -0.0475639
266 -0.179169
267 7.0683e-14
268 0.179169
269 0.0475639
270 -0.458448
271 -0.670204
272 -0.168546
273 0.124524
274 -0.562615
275 -1.08441
276 -0.451882
277 0.15392
278 -0.451882
279 -1.08441
280 -0.562615
281 0.124524
282 -0.168546
283 -0.670204
284 -0.458448
285 0.0475639
286 0.179169
287 -9.1073e-14
288 -0.179169
289 -0.0475639
290 0.458448
291 0.670204
292 0.168546
293 -0.124524
294 0.562615
295 1.08441
296 0.451882
297 -0.15392
298 0.451882
299 1.08441
300 0.562615
301 -0.124524
302 0.168546
303 0.670204
304 0.458448
305 -0.0475639
306 -0.179169
307 1.11463e-13
308 0.179169
309 0.0475639
310 -0.458448
311 -0.670204
312 -0.168546
313 0.124524
314 -0.562615
315 -1.08441
316 -0.451882
317 0.15392
318 -0.451882
319 -1.08441

0 0
1 -0.0508471
2 0.0486874
3 -0.0941429
4 1.07708
5 1.94377
6 -0.0508471
7 -1.89508
8 -1.17122
9 1.17122
10 1.89508
11 1.8513e-14
12 -1.89508
13 -1.17122
14 1.17122
15 1.89508
16 1.9703e-14
17 -1.89508
18 -1.17122
19 1.17122
20 1.89508
21 2.29469e-14
22 -1.89508
23 -1.17122
24 1.17122
25 1.89508
26 2.34708e-14
27 -1.89508
28 -1.17122
29 1.17122
30 1.89508
31 5.22637e-14
32 -1.89508
33 -1.17122
34 1.17122
35 1.89508
36 1.2354e-13
37 -1.89508
38 -1.17122
39 1.17122

0 0
1 -0.0175552
2 0.0169925
3 -0.0603168
4 0.25285
5 0.836875
6 0.995875
7 0.819882
8 0.313167
9 -0.313167
10 -0.819882
11 -1.01343
12 -0.819882
13 -0.313167
14 0.313167
15 0.819882
16 1.01343
17 0.819882
18 0.313167
19 -0.313167
20 -0.819882
21 -1.01343
22 -0.819882
23 -0.313167
24 0.313167
25 0.819882
26 1.01343
27 0.819882
28 0.313167
29 -0.313167
30 -0.819882
31 -1.01343
32 -0.819882
33 -0.313167
34 0.313167
35 0.819882
36 1.01343
37 0.819882
38 0.313167
39 -0.313167
40 -0.819882
41 -1.01343
42 -0.819882
43 -0.313167
44 0.313167
45 0.819882
46 1.01343
47 0.819882
48 0.313167
49 -0.313167
50 -0.819882
51 -1.01343
52 -0.819882
53 -0.313167
54 0.313167
55 0.819882
56 1.01343
57 0.819882
58 0.313167
59 -0.313167
60 -0.819882
61 -1.01343
62 -0.819882
63 -0.313167
64 0.313167
65 0.819882
66 1.01343
67 0.819882
68 0.313167
69 -0.313167
70 -0.819882
71 -1.01343
72 -0.819882
73 -0.313167
74 0.313167
75 0.819882
76 1.01343
77 0.819882
78 0.313167
79 -0.313167

0 0
1 0
2 -0.0224421
3 0.000695103
4 0.0397608
5 0.41632
6 0.590362
7 0.614506
8 0.709932
9 0.40393
10 0.34072
11 2.04003e-15
12 -0.34072
13 -0.40393
14 -0.709932
15 -0.614506
16 -0.590362
17 -0.438762
18 -0.0390657
19 0.0390657
20 0.438762
21 0.590362
22 0.614506
23 0.709932
24 0.40393
25 0.34072
26 6.89726e-15
27 -0.34072
28 -0.40393
29 -0.709932
30 -0.614506
31 -0.590362
32 -0.438762
33 -0.0390657
34 0.0390657
35 0.438762
36 0.590362
37 0.614506
38 0.709932
39 0.40393
40 0.34072
41 6.82093e-15
42 -0.34072
43 -0.40393
44 -0.709932
45 -0.614506
46 -0.590362
47 -0.438762
48 -0.0390657
49 0.0390657
50 0.438762
51 0.590362
52 0.614506
53 0.709932
54 0.40393
55 0.34072
56 8.59035e-15
57 -0.34072
58 -0.40393
59 -0.709932
60 -0.614506
61 -0.590362
62 -0.438762
63 -0.0390657
64 0.0390657
65 0.438762
66 0.590362
67 0.614506
68 0.709932
69 0.40393
70 0.34072
71 8.77076e-15
72 -0.34072
73 -0.40393
74 -0.709932
75 -0.614506
76 -0.590362
77 -0.438762
78 -0.0390657
79 0.0390657
80 0.438762
81 0.590362
82 0.614506
83 0.709932
84 0.40393
85 0.34072
86 1.95746e-14
87 -0.34072
88 -0.40393
89 -0.709932
90 -0.614506
91 -0.590362
92 -0.438762
93 -0.0390657
94 0.0390657
95 0.438762
96 0.590362
97 0.614506
98 0.709932
99 0.40393
100 0.34072
101 4.62547e-14
102 -0.34072
103 -0.40393
104 -0.709932
105 -0.614506
106 -0.590362
107 -0.438762
108 -0.0390657
109 0.0390657
110 0.438762
111 0.590362
112 0.614506
113 0.709932
114 0.40393
115 0.34072
116 7.29902e-14
117 -0.34072
118 -0.40393
119 -0.709932

0 0
1 0
2 -0.0175552
3 0.0453975
4 -0.133772
5 0.440892
6 0.168546
7 0.562615
8 0.451882
9 0.451882
10 0.562615
11 0.168546
12 0.458448
13 -0.179169
14 0.179169
15 -0.458448
16 -0.168546
17 -0.562615
18 -0.451882
19 -0.451882
20 -0.562615
21 -0.168546
22 -0.458448
23 0.179169
24 -0.179169
25 0.458448
26 0.168546
27 0.562615
28 0.451882
29 0.451882
30 0.562615
31 0.168546
32 0.458448
33 -0.179169
34 0.179169
35 -0.458448
36 -0.168546
37 -0.562615
38 -0.451882
39 -0.451882
40 -0.562615
41 -0.168546
42 -0.458448
43 0.179169
44 -0.179169
45 0.458448
46 0.168546
47 0.562615
48 0.451882
49 0.451882
50 0.562615
51 0.168546
52 0.458448
53 -0.179169
54 0.179169
55 -0.458448
56 -0.168546
57 -0.562615
58 -0.451882
59 -0.451882
60 -0.562615
61 -0.168546
62 -0.458448
63 0.179169
64 -0.179169
65 0.458448
66 0.168546
67 0.562615
68 0.451882
69 0.451882
70 0.562615
71 0.168546
72 0.458448
73 -0.179169
74 0.179169
75 -0.458448
76 -0.168546
77 -0.562615
78 -0.451882
79 -0.451882
80 -0.562615
81 -0.168546
82 -0.458448
83 0.179169
84 -0.179169
85 0.458448
86 0.168546
87 0.562615
88 0.451882
89 0.451882
90 0.562615
91 0.168546
92 0.458448
93 -0.179169
94 0.179169
95 -0.458448
96 -0.168546
97 -0.562615
98 -0.451882
99 -0.451882
100 -0.562615
101 -0.168546
102 -0.458448
103 0.179169
104 -0.179169
105 0.458448
106 0.168546
107 0.562615
108 0.451882
109 0.451882
110 0.562615
111 0.168546
112 0.458448
113 -0.179169
114 0.179169
115 -0.458448
116 -0.168546
117 -0.562615
118 -0.451882
119 -0.451882
120 -0.562615
121 -0.168546
122 -0.458448
123 0.179169
124 -0.179169
125 0.458448
126 0.168546
127 0.562615
128 0.451882
129 0.451882
130 0.562615
131 0.168546
132 0.458448
133 -0.179169
134 0.179169
135 -0.458448
136 -0.168546
137 -0.562615
138 -0.451882
139 -0.451882
140 -0.562615
141 -0.168546
142 -0.458448
143 0.179169
144 -0.179169
145 0.458448
146 0.168546
147 0.562615
148 0.451882
149 0.451882
150 0.562615
151 0.168546
152 0.458448
153 -0.179169
154 0.179169
155 -0.458448
156 -0.168546
157 -0.562615
158 -0.451882
159 -0.451882

0 0
1 -0.0193196
2 -0.0941429
3 1.88781
4 -0.0508471
5 -1.89508
6 1.17122
7 1.17122
8 -1.89508
9 -1.86795e-14
10 1.89508
11 -1.17122
12 -1.17122
13 1.89508
14 2.29469e-14
15 -1.89508
16 1.17122
17 1.17122
18 -1.89508
19 -2.32384e-14
20 1.89508
21 -1.17122
22 -1.17122
23 1.89508
24 1.2354e-13
25 -1.89508

0 0
1 -0.0224421
2 -0.0603168
3 0.593243
4 0.995875
5 0.600456
6 -0.313167
7 -0.971557
8 -0.819882
9 -6.60583e-15
10 0.819882
11 0.971557
12 0.313167
13 -0.600456
14 -1.01343
15 -0.600456
16 0.313167
17 0.971557
18 0.819882
19 9.67282e-15
20 -0.819882
21 -0.971557
22 -0.313167
23 0.600456
24 1.01343
25 0.600456
26 -0.313167
27 -0.971557
28 -0.819882
29 -1.18863e-14
30 0.819882
31 0.971557
32 0.313167
33 -0.600456
34 -1.01343
35 -0.600456
36 0.313167
37 0.971557
38 0.819882
39 2.67703e-14
40 -0.819882
41 -0.971557
42 -0.313167
43 0.600456
44 1.01343
45 0.600456
46 -0.313167
47 -0.971557
48 -0.819882
49 -8.16014e-14
50 0.819882
51 0.971557
52 0.313167

0 0
1 -0.0175552
2 0.000695103
3 0.386118
4 0.590362
5 0.614506
6 0.40393
7 0.0390657
8 -0.34072
9 -0.590362
10 -0.614506
11 -0.40393
12 -0.0390657
13 0.34072
14 0.590362
15 0.614506
16 0.40393
17 0.0390657
18 -0.34072
19 -0.590362
20 -0.614506
21 -0.40393
22 -0.0390657
23 0.34072
24 0.590362
25 0.614506
26 0.40393
27 0.0390657
28 -0.34072
29 -0.590362
30 -0.614506
31 -0.40393
32 -0.0390657
33 0.34072
34 0.590362
35 0.614506
36 0.40393
37 0.0390657
38 -0.34072
39 -0.590362
40 -0.614506
41 -0.40393
42 -0.0390657
43 0.34072
44 0.590362
45 0.614506
46 0.40393
47 0.0390657
48 -0.34072
49 -0.590362
50 -0.614506
51 -0.40393
52 -0.0390657
53 0.34072
54 0.590362
55 0.614506
56 0.40393
57 0.0390657
58 -0.34072
59 -0.590362
60 -0.614506
61 -0.40393
62 -0.0390657
63 0.34072
64 0.590362
65 0.614506
66 0.40393
67 0.0390657
68 -0.34072
69 -0.590362
70 -0.614506
71 -0.40393
72 -0.0390657
73 0.34072
74 0.590362
75 0.614506
76 0.40393
77 0.0390657
78 -0.34072
79 -0.590362

0 0
1 0
2 0.0453975
3 -0.0700061
4 0.168546
5 1.08441
6 0.451882
7 -0.124524
8 0.458448
9 3.18148e-15
10 -0.458448
11 0.124524
12 -0.451882
13 -1.08441
14 -0.168546
15 0.0475639
16 -0.179169
17 0.670204
18 0.562615
19 -0.15392
20 0.562615
21 0.670204
22 -0.179169
23 0.0475639
24 -0.168546
25 -1.08441
26 -0.451882
27 0.124524
28 -0.458448
29 -1.06859e-14
30 0.458448
31 -0.124524
32 0.451882
33 1.08441
34 0.168546
35 -0.0475639
36 0.179169
37 -0.670204
38 -0.562615
39 0.15392
40 -0.562615
41 -0.670204
42 0.179169
43 -0.0475639
44 0.168546
45 1.08441
46 0.451882
47 -0.124524
48 0.458448
49 1.31319e-14
50 -0.458448
51 0.124524
52 -0.451882
53 -1.08441
54 -0.168546
55 0.0475639
56 -0.179169
57 0.670204
58 0.562615
59 -0.15392
60 0.562615
61 0.670204
62 -0.179169
63 0.0475639
64 -0.168546
65 -1.08441
66 -0.451882
67 0.124524
68 -0.458448
69 -1.35482e-14
70 0.458448
71 -0.124524
72 0.451882
73 1.08441
74 0.168546
75 -0.0475639
76 0.179169
77 -0.670204
78 -0.562615
79 0.15392
80 -0.562615
81 -0.670204
82 0.179169
83 -0.0475639
84 0.168546
85 1.08441
86 0.451882
87 -0.124524
88 0.458448
89 7.0683e-14
90 -0.458448
91 0.124524
92 -0.451882
93 -1.08441
94 -0.168546
95 0.0475639
96 -0.179169
97 0.670204
98 0.562615
99 -0.15392
100 0.562615
101 0.670204
102 -0.179169
103 0.0475639
104 -0.168546
105 -1.08441

0 0
1 0.0486874
2 1.07708
3 -0.0508471
4 -1.17122
5 1.89508
6 -1.89508
7 1.17122
8 1.9703e-14
9 -1.17122
10 1.89508
11 -1.89508
12 1.17122
13 2.34708e-14
14 -1.17122
15 1.89508
16 -1.89508
17 1.17122
18 1.2354e-13
19 -1.17122

0 0
1 0.0169925
2 0.25285
3 0.995875
4 0.313167
5 -0.819882
6 -0.819882
7 0.313167
8 1.01343
9 0.313167
10 -0.819882
11 -0.819882
12 0.313167
13 1.01343
14 0.313167
15 -0.819882
16 -0.819882
17 0.313167
18 1.01343
19 0.313167
20 -0.819882
21 -0.819882
22 0.313167
23 1.01343
24 0.313167
25 -0.819882
26 -0.819882
27 0.313167
28 1.01343
29 0.313167
30 -0.819882
31 -0.819882
32 0.313167
33 1.01343
34 0.313167
35 -0.819882
36 -0.819882
37 0.313167
38 1.01343
39 0.313167

0 0
1 -0.0224421
2 0.0397608
3 0.590362
4 0.709932
5 0.34072
6 -0.34072
7 -0.709932
8 -0.590362
9 -0.0390657
10 0.438762
11 0.614506
12 0.40393
13 6.89726e-15
14 -0.40393
15 -0.614506
16 -0.438762
17 0.0390657
18 0.590362
19 0.709932
20 0.34072
21 -0.34072
22 -0.709932
23 -0.590362
24 -0.0390657
25 0.438762
26 0.614506
27 0.40393
28 8.59035e-15
29 -0.40393
30 -0.614506
31 -0.438762
32 0.0390657
33 0.590362
34 0.709932
35 0.34072
36 -0.34072
37 -0.709932
38 -0.590362
39 -0.0390657
40 0.438762
41 0.614506
42 0.40393
43 1.95746e-14
44 -0.40393
45 -0.614506
46 -0.438762
47 0.0390657
48 0.590362
49 0.709932
50 0.34072
51 -0.34072
52 -0.709932
53 -0.590362
54 -0.0390657
55 0.438762
56 0.614506
57 0.40393
58 7.29902e-14
59 -0.40393

0 0
1 -0.0175552
2 -0.133772
3 0.168546
4 0.451882
5 0.562615
6 0.458448
7 0.179169
8 -0.168546
9 -0.451882
10 -0.562615
11 -0.458448
12 -0.179169
13 0.168546
14 0.451882
15 0.562615
16 0.458448
17 0.179169
18 -0.168546
19 -0.451882
20 -0.562615
21 -0.458448
22 -0.179169
23 0.168546
24 0.451882
25 0.562615
26 0.458448
27 0.179169
28 -0.168546
29 -0.451882
30 -0.562615
31 -0.458448
32 -0.179169
33 0.168546
34 0.451882
35 0.562615
36 0.458448
37 0.179169
38 -0.168546
39 -0.451882
40 -0.562615
41 -0.458448
42 -0.179169
43 0.168546
44 0.451882
45 0.562615
46 0.458448
47 0.179169
48 -0.168546
49 -0.451882
50 -0.562615
51 -0.458448
52 -0.179169
53 0.168546
54 0.451882
55 0.562615
56 0.458448
57 0.179169
58 -0.168546
59 -0.451882
60 -0.562615
61 -0.458448
62 -0.179169
63 0.168546
64 0.451882
65 0.562615
66 0.458448
67 0.179169
68 -0.168546
69 -0.451882
70 -0.562615
71 -0.458448
72 -0.179169
73 0.168546
74 0.451882
75 0.562615
76 0.458448
77 0.179169
78 -0.168546
79 -0.451882

0 0
1 -0.00726905
2 1.94377
3 -1.89508
4 1.89508
5 -1.89508
6 1.89508
7 -1.89508
8 1.89508
9 -1.89508
10 1.89508
11 -1.89508
12 1.89508
13 -1.89508
14 1.89508
15 -1.89508

0 0
1 -0.00721206
2 0.836875
3 0.600456
4 -0.819882
5 -0.600456
6 0.819882
7 0.600456
8 -0.819882
9 -0.600456
10 0.819882
11 0.600456
12 -0.819882
13 -0.600456
14 0.819882
15 0.600456
16 -0.819882
17 -0.600456
18 0.819882
19 0.600456
20 -0.819882
21 -0.600456
22 0.819882
23 0.600456
24 -0.819882
25 -0.600456
26 0.819882
27 0.600456
28 -0.819882
29 -0.600456
30 0.819882
31 0.600456

0 0
1 0.0453975
2 0.41632
3 0.614506
4 0.34072
5 -0.438762
6 -0.614506
7 -0.34072
8 0.438762
9 0.614506
10 0.34072
11 -0.438762
12 -0.614506
13 -0.34072
14 0.438762
15 0.614506
16 0.34072
17 -0.438762
18 -0.614506
19 -0.34072
20 0.438762
21 0.614506
22 0.34072
23 -0.438762
24 -0.614506
25 -0.34072
26 0.438762
27 0.614506
28 0.34072
29 -0.438762
30 -0.614506
31 -0.34072
32 0.438762
33 0.614506
34 0.34072
35 -0.438762
36 -0.614506
37 -0.34072
38 0.438762
39 0.614506
40 0.34072
41 -0.438762
42 -0.614506
43 -0.34072
44 0.438762
45 0.614506
46 0.34072
47 -0.438762

0 0
1 -0.0224421
2 0.440892
3 1.08441
4 0.562615
5 -0.0475639
6 -0.458448
7 -1.08441
8 -0.562615
9 0.0475639
10 0.458448
11 1.08441
12 0.562615
13 -0.0475639
14 -0.458448
15 -1.08441
16 -0.562615
17 0.0475639
18 0.458448
19 1.08441
20 0.562615
21 -0.0475639
22 -0.458448
23 -1.08441
24 -0.562615
25 0.0475639
26 0.458448
27 1.08441
28 0.562615
29 -0.0475639
30 -0.458448
31 -1.08441
32 -0.562615
33 0.0475639
34 0.458448
35 1.08441
36 0.562615
37 -0.0475639
38 -0.458448
39 -1.08441
40 -0.562615
41 0.0475639
42 0.458448
43 1.08441
44 0.562615
45 -0.0475639
46 -0.458448
47 -1.08441
48 -0.562615
49 0.0475639
50 0.458448
51 1.08441
52 0.562615
53 -0.0475639
54 -0.458448
55 -1.08441
56 -0.562615
57 0.0475639
58 0.458448
59 1.08441
60 0.562615
61 -0.0475639
62 -0.458448
63 -1.08441

0 0
1 -0.0941429
2 -0.0508471
3 1.17122
4 -1.89508
5 1.89508
6 -1.17122
7 2.29469e-14
8 1.17122
9 -1.89508
10 1.89508
11 -1.17122
12 1.2354e-13

0 0
1 -0.0603168
2 0.995875
3 -0.313167
4 -0.819882
5 0.819882
6 0.313167
7 -1.01343
8 0.313167
9 0.819882
10 -0.819882
11 -0.313167
12 1.01343
13 -0.313167
14 -0.819882
15 0.819882
16 0.313167
17 -1.01343
18 0.313167
19 0.819882
20 -0.819882
21 -0.313167
22 1.01343
23 -0.313167
24 -0.819882
25 0.819882

0 0
1 0.000695103
2 0.590362
3 0.40393
4 -0.34072
5 -0.614506
6 -0.0390657
7 0.590362
8 0.40393
9 -0.34072
10 -0.614506
11 -0.0390657
12 0.590362
13 0.40393
14 -0.34072
15 -0.614506
16 -0.0390657
17 0.590362
18 0.40393
19 -0.34072
20 -0.614506
21 -0.0390657
22 0.590362
23 0.40393
24 -0.34072
25 -0.614506
26 -0.0390657
27 0.590362
28 0.40393
29 -0.34072
30 -0.614506
31 -0.0390657
32 0.590362
33 0.40393
34 -0.34072
35 -0.614506
36 -0.0390657
37 0.590362
38 0.40393
39 -0.34072

0 0
1 0.0453975
2 0.168546
3 0.451882
4 0.458448
5 -0.458448
6 -0.451882
7 -0.168546
8 -0.179169
9 0.562615
10 0.562615
11 -0.179169
12 -0.168546
13 -0.451882
14 -0.458448
15 0.458448
16 0.451882
17 0.168546
18 0.179169
19 -0.562615
20 -0.562615
21 0.179169
22 0.168546
23 0.451882
24 0.458448
25 -0.458448
26 -0.451882
27 -0.168546
28 -0.179169
29 0.562615
30 0.562615
31 -0.179169
32 -0.168546
33 -0.451882
34 -0.458448
35 0.458448
36 0.451882
37 0.168546
38 0.179169
39 -0.562615
40 -0.562615
41 0.179169
42 0.168546
43 0.451882
44 0.458448
45 -0.458448
46 -0.451882
47 -0.168546
48 -0.179169
49 0.562615
50 0.562615
51 -0.179169
52 -0.168546

